1664524520485 22.978561401367188 0
1664524520525 22.11003303527832 1
1664524520566 21.26909828186035 2
1664524520606 20.48596954345703 3
1664524520645 19.634084701538086 4
1664524520687 18.838136672973633 5
1664524520726 18.013835906982422 6
1664524520765 17.18553924560547 7
1664524520804 16.374408721923828 8
1664524520843 15.557727813720703 9
1664524520882 14.747397422790527 10
1664524520921 13.927443504333496 11
1664524520960 13.121606826782227 12
1664524521000 12.329462051391602 13
1664524521039 11.523178100585938 14
1664524521078 10.725421905517578 15
1664524521117 9.914718627929688 16
1664524521156 9.133230209350586 17
1664524521195 8.378263473510742 18
1664524521234 7.622889041900635 19
1664524521273 6.906657695770264 20
1664524521312 6.294150352478027 21
1664524521351 5.688510417938232 22
1664524521389 5.156948566436768 23
1664524521428 4.684580326080322 24
1664524521467 4.2326178550720215 25
1664524521505 3.8142154216766357 26
1664524521544 3.369367837905884 27
1664524521583 3.098583936691284 28
1664524521622 2.8660809993743896 29
1664524521661 2.7524609565734863 30
1664524521700 2.6641170978546143 31
1664524521738 2.598750352859497 32
1664524521778 2.5539445877075195 33
1664524521816 2.5486159324645996 34
1664524521855 2.5011849403381348 35
1664524521894 2.48681378364563 36
1664524521933 2.508822441101074 37
1664524521973 2.50238037109375 38
1664524522012 2.4891207218170166 39
1664524522051 2.4855568408966064 40
1664524522090 2.4794394969940186 41
1664524522129 2.4921371936798096 42
1664524522168 2.474736213684082 43
1664524522208 2.480640411376953 44
1664524522248 2.5078179836273193 45
1664524522286 2.4926254749298096 46
1664524522327 2.4964239597320557 47
1664524522367 2.470078468322754 48
1664524522406 2.4923312664031982 49
1664524522445 2.4712400436401367 50
1664524522485 2.4827394485473633 51
1664524522524 2.4828169345855713 52
1664524522563 2.4820659160614014 53
1664524522603 2.495748519897461 54
1664524522643 2.4622907638549805 55
1664524522682 2.480367422103882 56
1664524522721 2.4697325229644775 57
1664524522760 2.5128912925720215 58
1664524522800 2.475749969482422 59
1664524522839 2.5106639862060547 60
1664524522878 2.4759182929992676 61
1664524522916 2.4739949703216553 62
1664524522956 2.473358631134033 63
1664524522996 2.500532627105713 64
1664524523035 2.4874024391174316 65
1664524523075 2.477475881576538 66
1664524523114 2.470614433288574 67
1664524523153 2.478672981262207 68
1664524523192 2.494046449661255 69
1664524523231 2.5074963569641113 70
1664524523270 2.5394818782806396 71
1664524523308 2.4887967109680176 72
1664524523348 2.4659440517425537 73
1664524523386 2.5243380069732666 74
1664524523426 2.5321099758148193 75
1664524523465 2.510561943054199 76
1664524523504 2.535698413848877 77
1664524523543 2.484673500061035 78
1664524523582 2.477905035018921 79
1664524523620 2.4766242504119873 80
1664524523660 2.468964099884033 81
1664524523698 2.4710488319396973 82
1664524523737 2.4856464862823486 83
1664524523775 2.466581106185913 84
1664524523814 2.4810218811035156 85
1664524523854 2.4698264598846436 86
1664524523894 2.4798882007598877 87
1664524523932 2.5063343048095703 88
1664524523972 2.4749958515167236 89
1664524524010 2.464851140975952 90
1664524524048 2.4977407455444336 91
1664524524087 2.4944512844085693 92
1664524524126 2.4728875160217285 93
1664524524166 2.470332384109497 94
1664524524205 2.4719130992889404 95
1664524524245 2.487419843673706 96
1664524524284 2.496260643005371 97
1664524524322 2.481560707092285 98
1664524524361 2.4984827041625977 99
