1664525667880 22.778827667236328 0
1664525667930 22.139554977416992 1
1664525667978 21.31974220275879 2
1664525668027 20.282297134399414 3
1664525668077 18.843538284301758 4
1664525668127 16.92298698425293 5
1664525668175 14.31069564819336 6
1664525668222 11.17778491973877 7
1664525668270 7.804748058319092 8
1664525668318 6.010218143463135 9
1664525668367 5.63029146194458 10
1664525668424 5.0067219734191895 11
1664525668479 4.401576519012451 12
1664525668535 4.007815361022949 13
1664525668587 3.693361520767212 14
1664525668643 3.4234445095062256 15
1664525668699 3.166717290878296 16
1664525668754 2.9610066413879395 17
1664525668809 2.7990055084228516 18
1664525668864 2.6642343997955322 19
1664525668920 2.525350570678711 20
1664525668974 2.413086414337158 21
1664525669028 2.308283805847168 22
1664525669084 2.243736982345581 23
1664525669138 2.1778788566589355 24
1664525669187 2.1391818523406982 25
1664525669236 2.079519748687744 26
1664525669284 2.065131425857544 27
1664525669332 2.03334379196167 28
1664525669379 1.9948123693466187 29
1664525669426 1.9756077527999878 30
1664525669473 1.9536192417144775 31
1664525669520 1.9451475143432617 32
1664525669566 1.9363489151000977 33
1664525669620 1.9331810474395752 34
1664525669673 1.9100444316864014 35
1664525669723 1.8936470746994019 36
1664525669775 1.8904876708984375 37
1664525669825 1.881123423576355 38
1664525669873 1.8622602224349976 39
1664525669923 1.837972640991211 40
1664525669971 1.8371349573135376 41
1664525670020 1.8271598815917969 42
1664525670067 1.8280022144317627 43
1664525670115 1.8131786584854126 44
1664525670163 1.8130773305892944 45
1664525670210 1.8078219890594482 46
1664525670258 1.7883771657943726 47
1664525670306 1.7888269424438477 48
1664525670354 1.7810914516448975 49
1664525670401 1.7672303915023804 50
1664525670449 1.7847192287445068 51
1664525670497 1.788720726966858 52
1664525670544 1.757110834121704 53
1664525670592 1.7599729299545288 54
1664525670639 1.7471446990966797 55
1664525670695 1.7371796369552612 56
1664525670748 1.7282463312149048 57
1664525670805 1.7312158346176147 58
1664525670861 1.7273228168487549 59
1664525670914 1.722327470779419 60
1664525670962 1.722203016281128 61
1664525671010 1.7140417098999023 62
1664525671058 1.7070527076721191 63
1664525671106 1.7162082195281982 64
1664525671154 1.7066620588302612 65
1664525671201 1.692436933517456 66
1664525671247 1.7020001411437988 67
1664525671294 1.7000746726989746 68
1664525671341 1.6861212253570557 69
1664525671388 1.6798524856567383 70
1664525671436 1.7042170763015747 71
1664525671484 1.6846269369125366 72
1664525671531 1.6799564361572266 73
1664525671578 1.6881635189056396 74
1664525671626 1.681993842124939 75
1664525671674 1.6720049381256104 76
1664525671724 1.6539324522018433 77
1664525671772 1.6603069305419922 78
1664525671819 1.641771674156189 79
1664525671869 1.6655629873275757 80
1664525671916 1.654165267944336 81
1664525671964 1.648568868637085 82
1664525672012 1.6662302017211914 83
1664525672059 1.6348642110824585 84
1664525672107 1.6385698318481445 85
1664525672154 1.6216142177581787 86
1664525672201 1.6489630937576294 87
1664525672248 1.657606601715088 88
1664525672295 1.6529887914657593 89
1664525672343 1.6309728622436523 90
1664525672390 1.608834147453308 91
1664525672437 1.6443140506744385 92
1664525672485 1.6020021438598633 93
1664525672533 1.6033703088760376 94
1664525672580 1.6071122884750366 95
1664525672629 1.6047590970993042 96
1664525672676 1.6172757148742676 97
1664525672723 1.6127477884292603 98
1664525672770 1.6371538639068604 99
